/*--------------------------------*- C++ -*----------------------------------*\
| =========                 |                                                 |
| \\      /  F ield         | OpenFOAM: The Open Source CFD Toolbox           |
|  \\    /   O peration     | Version:  v1806                                 |
|   \\  /    A nd           | Web:      www.OpenFOAM.com                      |
|    \\/     M anipulation  |                                                 |
\*---------------------------------------------------------------------------*/
FoamFile
{
    version     2.0;
    format      ascii;
    class       vectorField;
    location    "constant/polyMesh";
    object      points;
}
// * * * * * * * * * * * * * * * * * * * * * * * * * * * * * * * * * * * * * //


1800
(
(0 0 0)
(10 0 0)
(10 8 0)
(0 8 0)
(10 8 1)
(0 8 1)
(0 0 1)
(10 0 1)
(0.3448275862 0 0)
(0.6896551724 0 0)
(1.034482759 0 0)
(1.379310345 0 0)
(1.724137931 0 0)
(2.068965517 0 0)
(2.413793103 0 0)
(2.75862069 0 0)
(3.103448276 0 0)
(3.448275862 0 0)
(3.793103448 0 0)
(4.137931034 0 0)
(4.482758621 0 0)
(4.827586207 0 0)
(5.172413793 0 0)
(5.517241379 0 0)
(5.862068966 0 0)
(6.206896552 0 0)
(6.551724138 0 0)
(6.896551724 0 0)
(7.24137931 0 0)
(7.586206897 0 0)
(7.931034483 0 0)
(8.275862069 0 0)
(8.620689655 0 0)
(8.965517241 0 0)
(9.310344828 0 0)
(9.655172414 0 0)
(10 0.275862069 0)
(10 0.5517241379 0)
(10 0.8275862069 0)
(10 1.103448276 0)
(10 1.379310345 0)
(10 1.655172414 0)
(10 1.931034483 0)
(10 2.206896552 0)
(10 2.482758621 0)
(10 2.75862069 0)
(10 3.034482759 0)
(10 3.310344828 0)
(10 3.586206897 0)
(10 3.862068966 0)
(10 4.137931034 0)
(10 4.413793103 0)
(10 4.689655172 0)
(10 4.965517241 0)
(10 5.24137931 0)
(10 5.517241379 0)
(10 5.793103448 0)
(10 6.068965517 0)
(10 6.344827586 0)
(10 6.620689655 0)
(10 6.896551724 0)
(10 7.172413793 0)
(10 7.448275862 0)
(10 7.724137931 0)
(9.655172414 8 0)
(9.310344828 8 0)
(8.965517241 8 0)
(8.620689655 8 0)
(8.275862069 8 0)
(7.931034483 8 0)
(7.586206897 8 0)
(7.24137931 8 0)
(6.896551724 8 0)
(6.551724138 8 0)
(6.206896552 8 0)
(5.862068966 8 0)
(5.517241379 8 0)
(5.172413793 8 0)
(4.827586207 8 0)
(4.482758621 8 0)
(4.137931034 8 0)
(3.793103448 8 0)
(3.448275862 8 0)
(3.103448276 8 0)
(2.75862069 8 0)
(2.413793103 8 0)
(2.068965517 8 0)
(1.724137931 8 0)
(1.379310345 8 0)
(1.034482759 8 0)
(0.6896551724 8 0)
(0.3448275862 8 0)
(0 7.724137931 0)
(0 7.448275862 0)
(0 7.172413793 0)
(0 6.896551724 0)
(0 6.620689655 0)
(0 6.344827586 0)
(0 6.068965517 0)
(0 5.793103448 0)
(0 5.517241379 0)
(0 5.24137931 0)
(0 4.965517241 0)
(0 4.689655172 0)
(0 4.413793103 0)
(0 4.137931034 0)
(0 3.862068966 0)
(0 3.586206897 0)
(0 3.310344828 0)
(0 3.034482759 0)
(0 2.75862069 0)
(0 2.482758621 0)
(0 2.206896552 0)
(0 1.931034483 0)
(0 1.655172414 0)
(0 1.379310345 0)
(0 1.103448276 0)
(0 0.8275862069 0)
(0 0.5517241379 0)
(0 0.275862069 0)
(9.655172414 8 1)
(9.310344828 8 1)
(8.965517241 8 1)
(8.620689655 8 1)
(8.275862069 8 1)
(7.931034483 8 1)
(7.586206897 8 1)
(7.24137931 8 1)
(6.896551724 8 1)
(6.551724138 8 1)
(6.206896552 8 1)
(5.862068966 8 1)
(5.517241379 8 1)
(5.172413793 8 1)
(4.827586207 8 1)
(4.482758621 8 1)
(4.137931034 8 1)
(3.793103448 8 1)
(3.448275862 8 1)
(3.103448276 8 1)
(2.75862069 8 1)
(2.413793103 8 1)
(2.068965517 8 1)
(1.724137931 8 1)
(1.379310345 8 1)
(1.034482759 8 1)
(0.6896551724 8 1)
(0.3448275862 8 1)
(0 7.724137931 1)
(0 7.448275862 1)
(0 7.172413793 1)
(0 6.896551724 1)
(0 6.620689655 1)
(0 6.344827586 1)
(0 6.068965517 1)
(0 5.793103448 1)
(0 5.517241379 1)
(0 5.24137931 1)
(0 4.965517241 1)
(0 4.689655172 1)
(0 4.413793103 1)
(0 4.137931034 1)
(0 3.862068966 1)
(0 3.586206897 1)
(0 3.310344828 1)
(0 3.034482759 1)
(0 2.75862069 1)
(0 2.482758621 1)
(0 2.206896552 1)
(0 1.931034483 1)
(0 1.655172414 1)
(0 1.379310345 1)
(0 1.103448276 1)
(0 0.8275862069 1)
(0 0.5517241379 1)
(0 0.275862069 1)
(0.3448275862 0 1)
(0.6896551724 0 1)
(1.034482759 0 1)
(1.379310345 0 1)
(1.724137931 0 1)
(2.068965517 0 1)
(2.413793103 0 1)
(2.75862069 0 1)
(3.103448276 0 1)
(3.448275862 0 1)
(3.793103448 0 1)
(4.137931034 0 1)
(4.482758621 0 1)
(4.827586207 0 1)
(5.172413793 0 1)
(5.517241379 0 1)
(5.862068966 0 1)
(6.206896552 0 1)
(6.551724138 0 1)
(6.896551724 0 1)
(7.24137931 0 1)
(7.586206897 0 1)
(7.931034483 0 1)
(8.275862069 0 1)
(8.620689655 0 1)
(8.965517241 0 1)
(9.310344828 0 1)
(9.655172414 0 1)
(10 0.275862069 1)
(10 0.5517241379 1)
(10 0.8275862069 1)
(10 1.103448276 1)
(10 1.379310345 1)
(10 1.655172414 1)
(10 1.931034483 1)
(10 2.206896552 1)
(10 2.482758621 1)
(10 2.75862069 1)
(10 3.034482759 1)
(10 3.310344828 1)
(10 3.586206897 1)
(10 3.862068966 1)
(10 4.137931034 1)
(10 4.413793103 1)
(10 4.689655172 1)
(10 4.965517241 1)
(10 5.24137931 1)
(10 5.517241379 1)
(10 5.793103448 1)
(10 6.068965517 1)
(10 6.344827586 1)
(10 6.620689655 1)
(10 6.896551724 1)
(10 7.172413793 1)
(10 7.448275862 1)
(10 7.724137931 1)
(0.3448275862 0.275862069 0)
(0.3448275862 0.5517241379 0)
(0.3448275862 0.8275862069 0)
(0.3448275862 1.103448276 0)
(0.3448275862 1.379310345 0)
(0.3448275862 1.655172414 0)
(0.3448275862 1.931034483 0)
(0.3448275862 2.206896552 0)
(0.3448275862 2.482758621 0)
(0.3448275862 2.75862069 0)
(0.3448275862 3.034482759 0)
(0.3448275862 3.310344828 0)
(0.3448275862 3.586206897 0)
(0.3448275862 3.862068966 0)
(0.3448275862 4.137931034 0)
(0.3448275862 4.413793103 0)
(0.3448275862 4.689655172 0)
(0.3448275862 4.965517241 0)
(0.3448275862 5.24137931 0)
(0.3448275862 5.517241379 0)
(0.3448275862 5.793103448 0)
(0.3448275862 6.068965517 0)
(0.3448275862 6.344827586 0)
(0.3448275862 6.620689655 0)
(0.3448275862 6.896551724 0)
(0.3448275862 7.172413793 0)
(0.3448275862 7.448275862 0)
(0.3448275862 7.724137931 0)
(0.6896551724 0.275862069 0)
(0.6896551724 0.5517241379 0)
(0.6896551724 0.8275862069 0)
(0.6896551724 1.103448276 0)
(0.6896551724 1.379310345 0)
(0.6896551724 1.655172414 0)
(0.6896551724 1.931034483 0)
(0.6896551724 2.206896552 0)
(0.6896551724 2.482758621 0)
(0.6896551724 2.75862069 0)
(0.6896551724 3.034482759 0)
(0.6896551724 3.310344828 0)
(0.6896551724 3.586206897 0)
(0.6896551724 3.862068966 0)
(0.6896551724 4.137931034 0)
(0.6896551724 4.413793103 0)
(0.6896551724 4.689655172 0)
(0.6896551724 4.965517241 0)
(0.6896551724 5.24137931 0)
(0.6896551724 5.517241379 0)
(0.6896551724 5.793103448 0)
(0.6896551724 6.068965517 0)
(0.6896551724 6.344827586 0)
(0.6896551724 6.620689655 0)
(0.6896551724 6.896551724 0)
(0.6896551724 7.172413793 0)
(0.6896551724 7.448275862 0)
(0.6896551724 7.724137931 0)
(1.034482759 0.275862069 0)
(1.034482759 0.5517241379 0)
(1.034482759 0.8275862069 0)
(1.034482759 1.103448276 0)
(1.034482759 1.379310345 0)
(1.034482759 1.655172414 0)
(1.034482759 1.931034483 0)
(1.034482759 2.206896552 0)
(1.034482759 2.482758621 0)
(1.034482759 2.75862069 0)
(1.034482759 3.034482759 0)
(1.034482759 3.310344828 0)
(1.034482759 3.586206897 0)
(1.034482759 3.862068966 0)
(1.034482759 4.137931034 0)
(1.034482759 4.413793103 0)
(1.034482759 4.689655172 0)
(1.034482759 4.965517241 0)
(1.034482759 5.24137931 0)
(1.034482759 5.517241379 0)
(1.034482759 5.793103448 0)
(1.034482759 6.068965517 0)
(1.034482759 6.344827586 0)
(1.034482759 6.620689655 0)
(1.034482759 6.896551724 0)
(1.034482759 7.172413793 0)
(1.034482759 7.448275862 0)
(1.034482759 7.724137931 0)
(1.379310345 0.275862069 0)
(1.379310345 0.5517241379 0)
(1.379310345 0.8275862069 0)
(1.379310345 1.103448276 0)
(1.379310345 1.379310345 0)
(1.379310345 1.655172414 0)
(1.379310345 1.931034483 0)
(1.379310345 2.206896552 0)
(1.379310345 2.482758621 0)
(1.379310345 2.75862069 0)
(1.379310345 3.034482759 0)
(1.379310345 3.310344828 0)
(1.379310345 3.586206897 0)
(1.379310345 3.862068966 0)
(1.379310345 4.137931034 0)
(1.379310345 4.413793103 0)
(1.379310345 4.689655172 0)
(1.379310345 4.965517241 0)
(1.379310345 5.24137931 0)
(1.379310345 5.517241379 0)
(1.379310345 5.793103448 0)
(1.379310345 6.068965517 0)
(1.379310345 6.344827586 0)
(1.379310345 6.620689655 0)
(1.379310345 6.896551724 0)
(1.379310345 7.172413793 0)
(1.379310345 7.448275862 0)
(1.379310345 7.724137931 0)
(1.724137931 0.275862069 0)
(1.724137931 0.5517241379 0)
(1.724137931 0.8275862069 0)
(1.724137931 1.103448276 0)
(1.724137931 1.379310345 0)
(1.724137931 1.655172414 0)
(1.724137931 1.931034483 0)
(1.724137931 2.206896552 0)
(1.724137931 2.482758621 0)
(1.724137931 2.75862069 0)
(1.724137931 3.034482759 0)
(1.724137931 3.310344828 0)
(1.724137931 3.586206897 0)
(1.724137931 3.862068966 0)
(1.724137931 4.137931034 0)
(1.724137931 4.413793103 0)
(1.724137931 4.689655172 0)
(1.724137931 4.965517241 0)
(1.724137931 5.24137931 0)
(1.724137931 5.517241379 0)
(1.724137931 5.793103448 0)
(1.724137931 6.068965517 0)
(1.724137931 6.344827586 0)
(1.724137931 6.620689655 0)
(1.724137931 6.896551724 0)
(1.724137931 7.172413793 0)
(1.724137931 7.448275862 0)
(1.724137931 7.724137931 0)
(2.068965517 0.275862069 0)
(2.068965517 0.5517241379 0)
(2.068965517 0.8275862069 0)
(2.068965517 1.103448276 0)
(2.068965517 1.379310345 0)
(2.068965517 1.655172414 0)
(2.068965517 1.931034483 0)
(2.068965517 2.206896552 0)
(2.068965517 2.482758621 0)
(2.068965517 2.75862069 0)
(2.068965517 3.034482759 0)
(2.068965517 3.310344828 0)
(2.068965517 3.586206897 0)
(2.068965517 3.862068966 0)
(2.068965517 4.137931034 0)
(2.068965517 4.413793103 0)
(2.068965517 4.689655172 0)
(2.068965517 4.965517241 0)
(2.068965517 5.24137931 0)
(2.068965517 5.517241379 0)
(2.068965517 5.793103448 0)
(2.068965517 6.068965517 0)
(2.068965517 6.344827586 0)
(2.068965517 6.620689655 0)
(2.068965517 6.896551724 0)
(2.068965517 7.172413793 0)
(2.068965517 7.448275862 0)
(2.068965517 7.724137931 0)
(2.413793103 0.275862069 0)
(2.413793103 0.5517241379 0)
(2.413793103 0.8275862069 0)
(2.413793103 1.103448276 0)
(2.413793103 1.379310345 0)
(2.413793103 1.655172414 0)
(2.413793103 1.931034483 0)
(2.413793103 2.206896552 0)
(2.413793103 2.482758621 0)
(2.413793103 2.75862069 0)
(2.413793103 3.034482759 0)
(2.413793103 3.310344828 0)
(2.413793103 3.586206897 0)
(2.413793103 3.862068966 0)
(2.413793103 4.137931034 0)
(2.413793103 4.413793103 0)
(2.413793103 4.689655172 0)
(2.413793103 4.965517241 0)
(2.413793103 5.24137931 0)
(2.413793103 5.517241379 0)
(2.413793103 5.793103448 0)
(2.413793103 6.068965517 0)
(2.413793103 6.344827586 0)
(2.413793103 6.620689655 0)
(2.413793103 6.896551724 0)
(2.413793103 7.172413793 0)
(2.413793103 7.448275862 0)
(2.413793103 7.724137931 0)
(2.75862069 0.275862069 0)
(2.75862069 0.5517241379 0)
(2.75862069 0.8275862069 0)
(2.75862069 1.103448276 0)
(2.75862069 1.379310345 0)
(2.75862069 1.655172414 0)
(2.75862069 1.931034483 0)
(2.75862069 2.206896552 0)
(2.75862069 2.482758621 0)
(2.75862069 2.75862069 0)
(2.75862069 3.034482759 0)
(2.75862069 3.310344828 0)
(2.75862069 3.586206897 0)
(2.75862069 3.862068966 0)
(2.75862069 4.137931034 0)
(2.75862069 4.413793103 0)
(2.75862069 4.689655172 0)
(2.75862069 4.965517241 0)
(2.75862069 5.24137931 0)
(2.75862069 5.517241379 0)
(2.75862069 5.793103448 0)
(2.75862069 6.068965517 0)
(2.75862069 6.344827586 0)
(2.75862069 6.620689655 0)
(2.75862069 6.896551724 0)
(2.75862069 7.172413793 0)
(2.75862069 7.448275862 0)
(2.75862069 7.724137931 0)
(3.103448276 0.275862069 0)
(3.103448276 0.5517241379 0)
(3.103448276 0.8275862069 0)
(3.103448276 1.103448276 0)
(3.103448276 1.379310345 0)
(3.103448276 1.655172414 0)
(3.103448276 1.931034483 0)
(3.103448276 2.206896552 0)
(3.103448276 2.482758621 0)
(3.103448276 2.75862069 0)
(3.103448276 3.034482759 0)
(3.103448276 3.310344828 0)
(3.103448276 3.586206897 0)
(3.103448276 3.862068966 0)
(3.103448276 4.137931034 0)
(3.103448276 4.413793103 0)
(3.103448276 4.689655172 0)
(3.103448276 4.965517241 0)
(3.103448276 5.24137931 0)
(3.103448276 5.517241379 0)
(3.103448276 5.793103448 0)
(3.103448276 6.068965517 0)
(3.103448276 6.344827586 0)
(3.103448276 6.620689655 0)
(3.103448276 6.896551724 0)
(3.103448276 7.172413793 0)
(3.103448276 7.448275862 0)
(3.103448276 7.724137931 0)
(3.448275862 0.275862069 0)
(3.448275862 0.5517241379 0)
(3.448275862 0.8275862069 0)
(3.448275862 1.103448276 0)
(3.448275862 1.379310345 0)
(3.448275862 1.655172414 0)
(3.448275862 1.931034483 0)
(3.448275862 2.206896552 0)
(3.448275862 2.482758621 0)
(3.448275862 2.75862069 0)
(3.448275862 3.034482759 0)
(3.448275862 3.310344828 0)
(3.448275862 3.586206897 0)
(3.448275862 3.862068966 0)
(3.448275862 4.137931034 0)
(3.448275862 4.413793103 0)
(3.448275862 4.689655172 0)
(3.448275862 4.965517241 0)
(3.448275862 5.24137931 0)
(3.448275862 5.517241379 0)
(3.448275862 5.793103448 0)
(3.448275862 6.068965517 0)
(3.448275862 6.344827586 0)
(3.448275862 6.620689655 0)
(3.448275862 6.896551724 0)
(3.448275862 7.172413793 0)
(3.448275862 7.448275862 0)
(3.448275862 7.724137931 0)
(3.793103448 0.275862069 0)
(3.793103448 0.5517241379 0)
(3.793103448 0.8275862069 0)
(3.793103448 1.103448276 0)
(3.793103448 1.379310345 0)
(3.793103448 1.655172414 0)
(3.793103448 1.931034483 0)
(3.793103448 2.206896552 0)
(3.793103448 2.482758621 0)
(3.793103448 2.75862069 0)
(3.793103448 3.034482759 0)
(3.793103448 3.310344828 0)
(3.793103448 3.586206897 0)
(3.793103448 3.862068966 0)
(3.793103448 4.137931034 0)
(3.793103448 4.413793103 0)
(3.793103448 4.689655172 0)
(3.793103448 4.965517241 0)
(3.793103448 5.24137931 0)
(3.793103448 5.517241379 0)
(3.793103448 5.793103448 0)
(3.793103448 6.068965517 0)
(3.793103448 6.344827586 0)
(3.793103448 6.620689655 0)
(3.793103448 6.896551724 0)
(3.793103448 7.172413793 0)
(3.793103448 7.448275862 0)
(3.793103448 7.724137931 0)
(4.137931034 0.275862069 0)
(4.137931034 0.5517241379 0)
(4.137931034 0.8275862069 0)
(4.137931034 1.103448276 0)
(4.137931034 1.379310345 0)
(4.137931034 1.655172414 0)
(4.137931034 1.931034483 0)
(4.137931034 2.206896552 0)
(4.137931034 2.482758621 0)
(4.137931034 2.75862069 0)
(4.137931034 3.034482759 0)
(4.137931034 3.310344828 0)
(4.137931034 3.586206897 0)
(4.137931034 3.862068966 0)
(4.137931034 4.137931034 0)
(4.137931034 4.413793103 0)
(4.137931034 4.689655172 0)
(4.137931034 4.965517241 0)
(4.137931034 5.24137931 0)
(4.137931034 5.517241379 0)
(4.137931034 5.793103448 0)
(4.137931034 6.068965517 0)
(4.137931034 6.344827586 0)
(4.137931034 6.620689655 0)
(4.137931034 6.896551724 0)
(4.137931034 7.172413793 0)
(4.137931034 7.448275862 0)
(4.137931034 7.724137931 0)
(4.482758621 0.275862069 0)
(4.482758621 0.5517241379 0)
(4.482758621 0.8275862069 0)
(4.482758621 1.103448276 0)
(4.482758621 1.379310345 0)
(4.482758621 1.655172414 0)
(4.482758621 1.931034483 0)
(4.482758621 2.206896552 0)
(4.482758621 2.482758621 0)
(4.482758621 2.75862069 0)
(4.482758621 3.034482759 0)
(4.482758621 3.310344828 0)
(4.482758621 3.586206897 0)
(4.482758621 3.862068966 0)
(4.482758621 4.137931034 0)
(4.482758621 4.413793103 0)
(4.482758621 4.689655172 0)
(4.482758621 4.965517241 0)
(4.482758621 5.24137931 0)
(4.482758621 5.517241379 0)
(4.482758621 5.793103448 0)
(4.482758621 6.068965517 0)
(4.482758621 6.344827586 0)
(4.482758621 6.620689655 0)
(4.482758621 6.896551724 0)
(4.482758621 7.172413793 0)
(4.482758621 7.448275862 0)
(4.482758621 7.724137931 0)
(4.827586207 0.275862069 0)
(4.827586207 0.5517241379 0)
(4.827586207 0.8275862069 0)
(4.827586207 1.103448276 0)
(4.827586207 1.379310345 0)
(4.827586207 1.655172414 0)
(4.827586207 1.931034483 0)
(4.827586207 2.206896552 0)
(4.827586207 2.482758621 0)
(4.827586207 2.75862069 0)
(4.827586207 3.034482759 0)
(4.827586207 3.310344828 0)
(4.827586207 3.586206897 0)
(4.827586207 3.862068966 0)
(4.827586207 4.137931034 0)
(4.827586207 4.413793103 0)
(4.827586207 4.689655172 0)
(4.827586207 4.965517241 0)
(4.827586207 5.24137931 0)
(4.827586207 5.517241379 0)
(4.827586207 5.793103448 0)
(4.827586207 6.068965517 0)
(4.827586207 6.344827586 0)
(4.827586207 6.620689655 0)
(4.827586207 6.896551724 0)
(4.827586207 7.172413793 0)
(4.827586207 7.448275862 0)
(4.827586207 7.724137931 0)
(5.172413793 0.275862069 0)
(5.172413793 0.5517241379 0)
(5.172413793 0.8275862069 0)
(5.172413793 1.103448276 0)
(5.172413793 1.379310345 0)
(5.172413793 1.655172414 0)
(5.172413793 1.931034483 0)
(5.172413793 2.206896552 0)
(5.172413793 2.482758621 0)
(5.172413793 2.75862069 0)
(5.172413793 3.034482759 0)
(5.172413793 3.310344828 0)
(5.172413793 3.586206897 0)
(5.172413793 3.862068966 0)
(5.172413793 4.137931034 0)
(5.172413793 4.413793103 0)
(5.172413793 4.689655172 0)
(5.172413793 4.965517241 0)
(5.172413793 5.24137931 0)
(5.172413793 5.517241379 0)
(5.172413793 5.793103448 0)
(5.172413793 6.068965517 0)
(5.172413793 6.344827586 0)
(5.172413793 6.620689655 0)
(5.172413793 6.896551724 0)
(5.172413793 7.172413793 0)
(5.172413793 7.448275862 0)
(5.172413793 7.724137931 0)
(5.517241379 0.275862069 0)
(5.517241379 0.5517241379 0)
(5.517241379 0.8275862069 0)
(5.517241379 1.103448276 0)
(5.517241379 1.379310345 0)
(5.517241379 1.655172414 0)
(5.517241379 1.931034483 0)
(5.517241379 2.206896552 0)
(5.517241379 2.482758621 0)
(5.517241379 2.75862069 0)
(5.517241379 3.034482759 0)
(5.517241379 3.310344828 0)
(5.517241379 3.586206897 0)
(5.517241379 3.862068966 0)
(5.517241379 4.137931034 0)
(5.517241379 4.413793103 0)
(5.517241379 4.689655172 0)
(5.517241379 4.965517241 0)
(5.517241379 5.24137931 0)
(5.517241379 5.517241379 0)
(5.517241379 5.793103448 0)
(5.517241379 6.068965517 0)
(5.517241379 6.344827586 0)
(5.517241379 6.620689655 0)
(5.517241379 6.896551724 0)
(5.517241379 7.172413793 0)
(5.517241379 7.448275862 0)
(5.517241379 7.724137931 0)
(5.862068966 0.275862069 0)
(5.862068966 0.5517241379 0)
(5.862068966 0.8275862069 0)
(5.862068966 1.103448276 0)
(5.862068966 1.379310345 0)
(5.862068966 1.655172414 0)
(5.862068966 1.931034483 0)
(5.862068966 2.206896552 0)
(5.862068966 2.482758621 0)
(5.862068966 2.75862069 0)
(5.862068966 3.034482759 0)
(5.862068966 3.310344828 0)
(5.862068966 3.586206897 0)
(5.862068966 3.862068966 0)
(5.862068966 4.137931034 0)
(5.862068966 4.413793103 0)
(5.862068966 4.689655172 0)
(5.862068966 4.965517241 0)
(5.862068966 5.24137931 0)
(5.862068966 5.517241379 0)
(5.862068966 5.793103448 0)
(5.862068966 6.068965517 0)
(5.862068966 6.344827586 0)
(5.862068966 6.620689655 0)
(5.862068966 6.896551724 0)
(5.862068966 7.172413793 0)
(5.862068966 7.448275862 0)
(5.862068966 7.724137931 0)
(6.206896552 0.275862069 0)
(6.206896552 0.5517241379 0)
(6.206896552 0.8275862069 0)
(6.206896552 1.103448276 0)
(6.206896552 1.379310345 0)
(6.206896552 1.655172414 0)
(6.206896552 1.931034483 0)
(6.206896552 2.206896552 0)
(6.206896552 2.482758621 0)
(6.206896552 2.75862069 0)
(6.206896552 3.034482759 0)
(6.206896552 3.310344828 0)
(6.206896552 3.586206897 0)
(6.206896552 3.862068966 0)
(6.206896552 4.137931034 0)
(6.206896552 4.413793103 0)
(6.206896552 4.689655172 0)
(6.206896552 4.965517241 0)
(6.206896552 5.24137931 0)
(6.206896552 5.517241379 0)
(6.206896552 5.793103448 0)
(6.206896552 6.068965517 0)
(6.206896552 6.344827586 0)
(6.206896552 6.620689655 0)
(6.206896552 6.896551724 0)
(6.206896552 7.172413793 0)
(6.206896552 7.448275862 0)
(6.206896552 7.724137931 0)
(6.551724138 0.275862069 0)
(6.551724138 0.5517241379 0)
(6.551724138 0.8275862069 0)
(6.551724138 1.103448276 0)
(6.551724138 1.379310345 0)
(6.551724138 1.655172414 0)
(6.551724138 1.931034483 0)
(6.551724138 2.206896552 0)
(6.551724138 2.482758621 0)
(6.551724138 2.75862069 0)
(6.551724138 3.034482759 0)
(6.551724138 3.310344828 0)
(6.551724138 3.586206897 0)
(6.551724138 3.862068966 0)
(6.551724138 4.137931034 0)
(6.551724138 4.413793103 0)
(6.551724138 4.689655172 0)
(6.551724138 4.965517241 0)
(6.551724138 5.24137931 0)
(6.551724138 5.517241379 0)
(6.551724138 5.793103448 0)
(6.551724138 6.068965517 0)
(6.551724138 6.344827586 0)
(6.551724138 6.620689655 0)
(6.551724138 6.896551724 0)
(6.551724138 7.172413793 0)
(6.551724138 7.448275862 0)
(6.551724138 7.724137931 0)
(6.896551724 0.275862069 0)
(6.896551724 0.5517241379 0)
(6.896551724 0.8275862069 0)
(6.896551724 1.103448276 0)
(6.896551724 1.379310345 0)
(6.896551724 1.655172414 0)
(6.896551724 1.931034483 0)
(6.896551724 2.206896552 0)
(6.896551724 2.482758621 0)
(6.896551724 2.75862069 0)
(6.896551724 3.034482759 0)
(6.896551724 3.310344828 0)
(6.896551724 3.586206897 0)
(6.896551724 3.862068966 0)
(6.896551724 4.137931034 0)
(6.896551724 4.413793103 0)
(6.896551724 4.689655172 0)
(6.896551724 4.965517241 0)
(6.896551724 5.24137931 0)
(6.896551724 5.517241379 0)
(6.896551724 5.793103448 0)
(6.896551724 6.068965517 0)
(6.896551724 6.344827586 0)
(6.896551724 6.620689655 0)
(6.896551724 6.896551724 0)
(6.896551724 7.172413793 0)
(6.896551724 7.448275862 0)
(6.896551724 7.724137931 0)
(7.24137931 0.275862069 0)
(7.24137931 0.5517241379 0)
(7.24137931 0.8275862069 0)
(7.24137931 1.103448276 0)
(7.24137931 1.379310345 0)
(7.24137931 1.655172414 0)
(7.24137931 1.931034483 0)
(7.24137931 2.206896552 0)
(7.24137931 2.482758621 0)
(7.24137931 2.75862069 0)
(7.24137931 3.034482759 0)
(7.24137931 3.310344828 0)
(7.24137931 3.586206897 0)
(7.24137931 3.862068966 0)
(7.24137931 4.137931034 0)
(7.24137931 4.413793103 0)
(7.24137931 4.689655172 0)
(7.24137931 4.965517241 0)
(7.24137931 5.24137931 0)
(7.24137931 5.517241379 0)
(7.24137931 5.793103448 0)
(7.24137931 6.068965517 0)
(7.24137931 6.344827586 0)
(7.24137931 6.620689655 0)
(7.24137931 6.896551724 0)
(7.24137931 7.172413793 0)
(7.24137931 7.448275862 0)
(7.24137931 7.724137931 0)
(7.586206897 0.275862069 0)
(7.586206897 0.5517241379 0)
(7.586206897 0.8275862069 0)
(7.586206897 1.103448276 0)
(7.586206897 1.379310345 0)
(7.586206897 1.655172414 0)
(7.586206897 1.931034483 0)
(7.586206897 2.206896552 0)
(7.586206897 2.482758621 0)
(7.586206897 2.75862069 0)
(7.586206897 3.034482759 0)
(7.586206897 3.310344828 0)
(7.586206897 3.586206897 0)
(7.586206897 3.862068966 0)
(7.586206897 4.137931034 0)
(7.586206897 4.413793103 0)
(7.586206897 4.689655172 0)
(7.586206897 4.965517241 0)
(7.586206897 5.24137931 0)
(7.586206897 5.517241379 0)
(7.586206897 5.793103448 0)
(7.586206897 6.068965517 0)
(7.586206897 6.344827586 0)
(7.586206897 6.620689655 0)
(7.586206897 6.896551724 0)
(7.586206897 7.172413793 0)
(7.586206897 7.448275862 0)
(7.586206897 7.724137931 0)
(7.931034483 0.275862069 0)
(7.931034483 0.5517241379 0)
(7.931034483 0.8275862069 0)
(7.931034483 1.103448276 0)
(7.931034483 1.379310345 0)
(7.931034483 1.655172414 0)
(7.931034483 1.931034483 0)
(7.931034483 2.206896552 0)
(7.931034483 2.482758621 0)
(7.931034483 2.75862069 0)
(7.931034483 3.034482759 0)
(7.931034483 3.310344828 0)
(7.931034483 3.586206897 0)
(7.931034483 3.862068966 0)
(7.931034483 4.137931034 0)
(7.931034483 4.413793103 0)
(7.931034483 4.689655172 0)
(7.931034483 4.965517241 0)
(7.931034483 5.24137931 0)
(7.931034483 5.517241379 0)
(7.931034483 5.793103448 0)
(7.931034483 6.068965517 0)
(7.931034483 6.344827586 0)
(7.931034483 6.620689655 0)
(7.931034483 6.896551724 0)
(7.931034483 7.172413793 0)
(7.931034483 7.448275862 0)
(7.931034483 7.724137931 0)
(8.275862069 0.275862069 0)
(8.275862069 0.5517241379 0)
(8.275862069 0.8275862069 0)
(8.275862069 1.103448276 0)
(8.275862069 1.379310345 0)
(8.275862069 1.655172414 0)
(8.275862069 1.931034483 0)
(8.275862069 2.206896552 0)
(8.275862069 2.482758621 0)
(8.275862069 2.75862069 0)
(8.275862069 3.034482759 0)
(8.275862069 3.310344828 0)
(8.275862069 3.586206897 0)
(8.275862069 3.862068966 0)
(8.275862069 4.137931034 0)
(8.275862069 4.413793103 0)
(8.275862069 4.689655172 0)
(8.275862069 4.965517241 0)
(8.275862069 5.24137931 0)
(8.275862069 5.517241379 0)
(8.275862069 5.793103448 0)
(8.275862069 6.068965517 0)
(8.275862069 6.344827586 0)
(8.275862069 6.620689655 0)
(8.275862069 6.896551724 0)
(8.275862069 7.172413793 0)
(8.275862069 7.448275862 0)
(8.275862069 7.724137931 0)
(8.620689655 0.275862069 0)
(8.620689655 0.5517241379 0)
(8.620689655 0.8275862069 0)
(8.620689655 1.103448276 0)
(8.620689655 1.379310345 0)
(8.620689655 1.655172414 0)
(8.620689655 1.931034483 0)
(8.620689655 2.206896552 0)
(8.620689655 2.482758621 0)
(8.620689655 2.75862069 0)
(8.620689655 3.034482759 0)
(8.620689655 3.310344828 0)
(8.620689655 3.586206897 0)
(8.620689655 3.862068966 0)
(8.620689655 4.137931034 0)
(8.620689655 4.413793103 0)
(8.620689655 4.689655172 0)
(8.620689655 4.965517241 0)
(8.620689655 5.24137931 0)
(8.620689655 5.517241379 0)
(8.620689655 5.793103448 0)
(8.620689655 6.068965517 0)
(8.620689655 6.344827586 0)
(8.620689655 6.620689655 0)
(8.620689655 6.896551724 0)
(8.620689655 7.172413793 0)
(8.620689655 7.448275862 0)
(8.620689655 7.724137931 0)
(8.965517241 0.275862069 0)
(8.965517241 0.5517241379 0)
(8.965517241 0.8275862069 0)
(8.965517241 1.103448276 0)
(8.965517241 1.379310345 0)
(8.965517241 1.655172414 0)
(8.965517241 1.931034483 0)
(8.965517241 2.206896552 0)
(8.965517241 2.482758621 0)
(8.965517241 2.75862069 0)
(8.965517241 3.034482759 0)
(8.965517241 3.310344828 0)
(8.965517241 3.586206897 0)
(8.965517241 3.862068966 0)
(8.965517241 4.137931034 0)
(8.965517241 4.413793103 0)
(8.965517241 4.689655172 0)
(8.965517241 4.965517241 0)
(8.965517241 5.24137931 0)
(8.965517241 5.517241379 0)
(8.965517241 5.793103448 0)
(8.965517241 6.068965517 0)
(8.965517241 6.344827586 0)
(8.965517241 6.620689655 0)
(8.965517241 6.896551724 0)
(8.965517241 7.172413793 0)
(8.965517241 7.448275862 0)
(8.965517241 7.724137931 0)
(9.310344828 0.275862069 0)
(9.310344828 0.5517241379 0)
(9.310344828 0.8275862069 0)
(9.310344828 1.103448276 0)
(9.310344828 1.379310345 0)
(9.310344828 1.655172414 0)
(9.310344828 1.931034483 0)
(9.310344828 2.206896552 0)
(9.310344828 2.482758621 0)
(9.310344828 2.75862069 0)
(9.310344828 3.034482759 0)
(9.310344828 3.310344828 0)
(9.310344828 3.586206897 0)
(9.310344828 3.862068966 0)
(9.310344828 4.137931034 0)
(9.310344828 4.413793103 0)
(9.310344828 4.689655172 0)
(9.310344828 4.965517241 0)
(9.310344828 5.24137931 0)
(9.310344828 5.517241379 0)
(9.310344828 5.793103448 0)
(9.310344828 6.068965517 0)
(9.310344828 6.344827586 0)
(9.310344828 6.620689655 0)
(9.310344828 6.896551724 0)
(9.310344828 7.172413793 0)
(9.310344828 7.448275862 0)
(9.310344828 7.724137931 0)
(9.655172414 0.275862069 0)
(9.655172414 0.5517241379 0)
(9.655172414 0.8275862069 0)
(9.655172414 1.103448276 0)
(9.655172414 1.379310345 0)
(9.655172414 1.655172414 0)
(9.655172414 1.931034483 0)
(9.655172414 2.206896552 0)
(9.655172414 2.482758621 0)
(9.655172414 2.75862069 0)
(9.655172414 3.034482759 0)
(9.655172414 3.310344828 0)
(9.655172414 3.586206897 0)
(9.655172414 3.862068966 0)
(9.655172414 4.137931034 0)
(9.655172414 4.413793103 0)
(9.655172414 4.689655172 0)
(9.655172414 4.965517241 0)
(9.655172414 5.24137931 0)
(9.655172414 5.517241379 0)
(9.655172414 5.793103448 0)
(9.655172414 6.068965517 0)
(9.655172414 6.344827586 0)
(9.655172414 6.620689655 0)
(9.655172414 6.896551724 0)
(9.655172414 7.172413793 0)
(9.655172414 7.448275862 0)
(9.655172414 7.724137931 0)
(0.3448275862 0.275862069 1)
(0.3448275862 0.5517241379 1)
(0.3448275862 0.8275862069 1)
(0.3448275862 1.103448276 1)
(0.3448275862 1.379310345 1)
(0.3448275862 1.655172414 1)
(0.3448275862 1.931034483 1)
(0.3448275862 2.206896552 1)
(0.3448275862 2.482758621 1)
(0.3448275862 2.75862069 1)
(0.3448275862 3.034482759 1)
(0.3448275862 3.310344828 1)
(0.3448275862 3.586206897 1)
(0.3448275862 3.862068966 1)
(0.3448275862 4.137931034 1)
(0.3448275862 4.413793103 1)
(0.3448275862 4.689655172 1)
(0.3448275862 4.965517241 1)
(0.3448275862 5.24137931 1)
(0.3448275862 5.517241379 1)
(0.3448275862 5.793103448 1)
(0.3448275862 6.068965517 1)
(0.3448275862 6.344827586 1)
(0.3448275862 6.620689655 1)
(0.3448275862 6.896551724 1)
(0.3448275862 7.172413793 1)
(0.3448275862 7.448275862 1)
(0.3448275862 7.724137931 1)
(0.6896551724 0.275862069 1)
(0.6896551724 0.5517241379 1)
(0.6896551724 0.8275862069 1)
(0.6896551724 1.103448276 1)
(0.6896551724 1.379310345 1)
(0.6896551724 1.655172414 1)
(0.6896551724 1.931034483 1)
(0.6896551724 2.206896552 1)
(0.6896551724 2.482758621 1)
(0.6896551724 2.75862069 1)
(0.6896551724 3.034482759 1)
(0.6896551724 3.310344828 1)
(0.6896551724 3.586206897 1)
(0.6896551724 3.862068966 1)
(0.6896551724 4.137931034 1)
(0.6896551724 4.413793103 1)
(0.6896551724 4.689655172 1)
(0.6896551724 4.965517241 1)
(0.6896551724 5.24137931 1)
(0.6896551724 5.517241379 1)
(0.6896551724 5.793103448 1)
(0.6896551724 6.068965517 1)
(0.6896551724 6.344827586 1)
(0.6896551724 6.620689655 1)
(0.6896551724 6.896551724 1)
(0.6896551724 7.172413793 1)
(0.6896551724 7.448275862 1)
(0.6896551724 7.724137931 1)
(1.034482759 0.275862069 1)
(1.034482759 0.5517241379 1)
(1.034482759 0.8275862069 1)
(1.034482759 1.103448276 1)
(1.034482759 1.379310345 1)
(1.034482759 1.655172414 1)
(1.034482759 1.931034483 1)
(1.034482759 2.206896552 1)
(1.034482759 2.482758621 1)
(1.034482759 2.75862069 1)
(1.034482759 3.034482759 1)
(1.034482759 3.310344828 1)
(1.034482759 3.586206897 1)
(1.034482759 3.862068966 1)
(1.034482759 4.137931034 1)
(1.034482759 4.413793103 1)
(1.034482759 4.689655172 1)
(1.034482759 4.965517241 1)
(1.034482759 5.24137931 1)
(1.034482759 5.517241379 1)
(1.034482759 5.793103448 1)
(1.034482759 6.068965517 1)
(1.034482759 6.344827586 1)
(1.034482759 6.620689655 1)
(1.034482759 6.896551724 1)
(1.034482759 7.172413793 1)
(1.034482759 7.448275862 1)
(1.034482759 7.724137931 1)
(1.379310345 0.275862069 1)
(1.379310345 0.5517241379 1)
(1.379310345 0.8275862069 1)
(1.379310345 1.103448276 1)
(1.379310345 1.379310345 1)
(1.379310345 1.655172414 1)
(1.379310345 1.931034483 1)
(1.379310345 2.206896552 1)
(1.379310345 2.482758621 1)
(1.379310345 2.75862069 1)
(1.379310345 3.034482759 1)
(1.379310345 3.310344828 1)
(1.379310345 3.586206897 1)
(1.379310345 3.862068966 1)
(1.379310345 4.137931034 1)
(1.379310345 4.413793103 1)
(1.379310345 4.689655172 1)
(1.379310345 4.965517241 1)
(1.379310345 5.24137931 1)
(1.379310345 5.517241379 1)
(1.379310345 5.793103448 1)
(1.379310345 6.068965517 1)
(1.379310345 6.344827586 1)
(1.379310345 6.620689655 1)
(1.379310345 6.896551724 1)
(1.379310345 7.172413793 1)
(1.379310345 7.448275862 1)
(1.379310345 7.724137931 1)
(1.724137931 0.275862069 1)
(1.724137931 0.5517241379 1)
(1.724137931 0.8275862069 1)
(1.724137931 1.103448276 1)
(1.724137931 1.379310345 1)
(1.724137931 1.655172414 1)
(1.724137931 1.931034483 1)
(1.724137931 2.206896552 1)
(1.724137931 2.482758621 1)
(1.724137931 2.75862069 1)
(1.724137931 3.034482759 1)
(1.724137931 3.310344828 1)
(1.724137931 3.586206897 1)
(1.724137931 3.862068966 1)
(1.724137931 4.137931034 1)
(1.724137931 4.413793103 1)
(1.724137931 4.689655172 1)
(1.724137931 4.965517241 1)
(1.724137931 5.24137931 1)
(1.724137931 5.517241379 1)
(1.724137931 5.793103448 1)
(1.724137931 6.068965517 1)
(1.724137931 6.344827586 1)
(1.724137931 6.620689655 1)
(1.724137931 6.896551724 1)
(1.724137931 7.172413793 1)
(1.724137931 7.448275862 1)
(1.724137931 7.724137931 1)
(2.068965517 0.275862069 1)
(2.068965517 0.5517241379 1)
(2.068965517 0.8275862069 1)
(2.068965517 1.103448276 1)
(2.068965517 1.379310345 1)
(2.068965517 1.655172414 1)
(2.068965517 1.931034483 1)
(2.068965517 2.206896552 1)
(2.068965517 2.482758621 1)
(2.068965517 2.75862069 1)
(2.068965517 3.034482759 1)
(2.068965517 3.310344828 1)
(2.068965517 3.586206897 1)
(2.068965517 3.862068966 1)
(2.068965517 4.137931034 1)
(2.068965517 4.413793103 1)
(2.068965517 4.689655172 1)
(2.068965517 4.965517241 1)
(2.068965517 5.24137931 1)
(2.068965517 5.517241379 1)
(2.068965517 5.793103448 1)
(2.068965517 6.068965517 1)
(2.068965517 6.344827586 1)
(2.068965517 6.620689655 1)
(2.068965517 6.896551724 1)
(2.068965517 7.172413793 1)
(2.068965517 7.448275862 1)
(2.068965517 7.724137931 1)
(2.413793103 0.275862069 1)
(2.413793103 0.5517241379 1)
(2.413793103 0.8275862069 1)
(2.413793103 1.103448276 1)
(2.413793103 1.379310345 1)
(2.413793103 1.655172414 1)
(2.413793103 1.931034483 1)
(2.413793103 2.206896552 1)
(2.413793103 2.482758621 1)
(2.413793103 2.75862069 1)
(2.413793103 3.034482759 1)
(2.413793103 3.310344828 1)
(2.413793103 3.586206897 1)
(2.413793103 3.862068966 1)
(2.413793103 4.137931034 1)
(2.413793103 4.413793103 1)
(2.413793103 4.689655172 1)
(2.413793103 4.965517241 1)
(2.413793103 5.24137931 1)
(2.413793103 5.517241379 1)
(2.413793103 5.793103448 1)
(2.413793103 6.068965517 1)
(2.413793103 6.344827586 1)
(2.413793103 6.620689655 1)
(2.413793103 6.896551724 1)
(2.413793103 7.172413793 1)
(2.413793103 7.448275862 1)
(2.413793103 7.724137931 1)
(2.75862069 0.275862069 1)
(2.75862069 0.5517241379 1)
(2.75862069 0.8275862069 1)
(2.75862069 1.103448276 1)
(2.75862069 1.379310345 1)
(2.75862069 1.655172414 1)
(2.75862069 1.931034483 1)
(2.75862069 2.206896552 1)
(2.75862069 2.482758621 1)
(2.75862069 2.75862069 1)
(2.75862069 3.034482759 1)
(2.75862069 3.310344828 1)
(2.75862069 3.586206897 1)
(2.75862069 3.862068966 1)
(2.75862069 4.137931034 1)
(2.75862069 4.413793103 1)
(2.75862069 4.689655172 1)
(2.75862069 4.965517241 1)
(2.75862069 5.24137931 1)
(2.75862069 5.517241379 1)
(2.75862069 5.793103448 1)
(2.75862069 6.068965517 1)
(2.75862069 6.344827586 1)
(2.75862069 6.620689655 1)
(2.75862069 6.896551724 1)
(2.75862069 7.172413793 1)
(2.75862069 7.448275862 1)
(2.75862069 7.724137931 1)
(3.103448276 0.275862069 1)
(3.103448276 0.5517241379 1)
(3.103448276 0.8275862069 1)
(3.103448276 1.103448276 1)
(3.103448276 1.379310345 1)
(3.103448276 1.655172414 1)
(3.103448276 1.931034483 1)
(3.103448276 2.206896552 1)
(3.103448276 2.482758621 1)
(3.103448276 2.75862069 1)
(3.103448276 3.034482759 1)
(3.103448276 3.310344828 1)
(3.103448276 3.586206897 1)
(3.103448276 3.862068966 1)
(3.103448276 4.137931034 1)
(3.103448276 4.413793103 1)
(3.103448276 4.689655172 1)
(3.103448276 4.965517241 1)
(3.103448276 5.24137931 1)
(3.103448276 5.517241379 1)
(3.103448276 5.793103448 1)
(3.103448276 6.068965517 1)
(3.103448276 6.344827586 1)
(3.103448276 6.620689655 1)
(3.103448276 6.896551724 1)
(3.103448276 7.172413793 1)
(3.103448276 7.448275862 1)
(3.103448276 7.724137931 1)
(3.448275862 0.275862069 1)
(3.448275862 0.5517241379 1)
(3.448275862 0.8275862069 1)
(3.448275862 1.103448276 1)
(3.448275862 1.379310345 1)
(3.448275862 1.655172414 1)
(3.448275862 1.931034483 1)
(3.448275862 2.206896552 1)
(3.448275862 2.482758621 1)
(3.448275862 2.75862069 1)
(3.448275862 3.034482759 1)
(3.448275862 3.310344828 1)
(3.448275862 3.586206897 1)
(3.448275862 3.862068966 1)
(3.448275862 4.137931034 1)
(3.448275862 4.413793103 1)
(3.448275862 4.689655172 1)
(3.448275862 4.965517241 1)
(3.448275862 5.24137931 1)
(3.448275862 5.517241379 1)
(3.448275862 5.793103448 1)
(3.448275862 6.068965517 1)
(3.448275862 6.344827586 1)
(3.448275862 6.620689655 1)
(3.448275862 6.896551724 1)
(3.448275862 7.172413793 1)
(3.448275862 7.448275862 1)
(3.448275862 7.724137931 1)
(3.793103448 0.275862069 1)
(3.793103448 0.5517241379 1)
(3.793103448 0.8275862069 1)
(3.793103448 1.103448276 1)
(3.793103448 1.379310345 1)
(3.793103448 1.655172414 1)
(3.793103448 1.931034483 1)
(3.793103448 2.206896552 1)
(3.793103448 2.482758621 1)
(3.793103448 2.75862069 1)
(3.793103448 3.034482759 1)
(3.793103448 3.310344828 1)
(3.793103448 3.586206897 1)
(3.793103448 3.862068966 1)
(3.793103448 4.137931034 1)
(3.793103448 4.413793103 1)
(3.793103448 4.689655172 1)
(3.793103448 4.965517241 1)
(3.793103448 5.24137931 1)
(3.793103448 5.517241379 1)
(3.793103448 5.793103448 1)
(3.793103448 6.068965517 1)
(3.793103448 6.344827586 1)
(3.793103448 6.620689655 1)
(3.793103448 6.896551724 1)
(3.793103448 7.172413793 1)
(3.793103448 7.448275862 1)
(3.793103448 7.724137931 1)
(4.137931034 0.275862069 1)
(4.137931034 0.5517241379 1)
(4.137931034 0.8275862069 1)
(4.137931034 1.103448276 1)
(4.137931034 1.379310345 1)
(4.137931034 1.655172414 1)
(4.137931034 1.931034483 1)
(4.137931034 2.206896552 1)
(4.137931034 2.482758621 1)
(4.137931034 2.75862069 1)
(4.137931034 3.034482759 1)
(4.137931034 3.310344828 1)
(4.137931034 3.586206897 1)
(4.137931034 3.862068966 1)
(4.137931034 4.137931034 1)
(4.137931034 4.413793103 1)
(4.137931034 4.689655172 1)
(4.137931034 4.965517241 1)
(4.137931034 5.24137931 1)
(4.137931034 5.517241379 1)
(4.137931034 5.793103448 1)
(4.137931034 6.068965517 1)
(4.137931034 6.344827586 1)
(4.137931034 6.620689655 1)
(4.137931034 6.896551724 1)
(4.137931034 7.172413793 1)
(4.137931034 7.448275862 1)
(4.137931034 7.724137931 1)
(4.482758621 0.275862069 1)
(4.482758621 0.5517241379 1)
(4.482758621 0.8275862069 1)
(4.482758621 1.103448276 1)
(4.482758621 1.379310345 1)
(4.482758621 1.655172414 1)
(4.482758621 1.931034483 1)
(4.482758621 2.206896552 1)
(4.482758621 2.482758621 1)
(4.482758621 2.75862069 1)
(4.482758621 3.034482759 1)
(4.482758621 3.310344828 1)
(4.482758621 3.586206897 1)
(4.482758621 3.862068966 1)
(4.482758621 4.137931034 1)
(4.482758621 4.413793103 1)
(4.482758621 4.689655172 1)
(4.482758621 4.965517241 1)
(4.482758621 5.24137931 1)
(4.482758621 5.517241379 1)
(4.482758621 5.793103448 1)
(4.482758621 6.068965517 1)
(4.482758621 6.344827586 1)
(4.482758621 6.620689655 1)
(4.482758621 6.896551724 1)
(4.482758621 7.172413793 1)
(4.482758621 7.448275862 1)
(4.482758621 7.724137931 1)
(4.827586207 0.275862069 1)
(4.827586207 0.5517241379 1)
(4.827586207 0.8275862069 1)
(4.827586207 1.103448276 1)
(4.827586207 1.379310345 1)
(4.827586207 1.655172414 1)
(4.827586207 1.931034483 1)
(4.827586207 2.206896552 1)
(4.827586207 2.482758621 1)
(4.827586207 2.75862069 1)
(4.827586207 3.034482759 1)
(4.827586207 3.310344828 1)
(4.827586207 3.586206897 1)
(4.827586207 3.862068966 1)
(4.827586207 4.137931034 1)
(4.827586207 4.413793103 1)
(4.827586207 4.689655172 1)
(4.827586207 4.965517241 1)
(4.827586207 5.24137931 1)
(4.827586207 5.517241379 1)
(4.827586207 5.793103448 1)
(4.827586207 6.068965517 1)
(4.827586207 6.344827586 1)
(4.827586207 6.620689655 1)
(4.827586207 6.896551724 1)
(4.827586207 7.172413793 1)
(4.827586207 7.448275862 1)
(4.827586207 7.724137931 1)
(5.172413793 0.275862069 1)
(5.172413793 0.5517241379 1)
(5.172413793 0.8275862069 1)
(5.172413793 1.103448276 1)
(5.172413793 1.379310345 1)
(5.172413793 1.655172414 1)
(5.172413793 1.931034483 1)
(5.172413793 2.206896552 1)
(5.172413793 2.482758621 1)
(5.172413793 2.75862069 1)
(5.172413793 3.034482759 1)
(5.172413793 3.310344828 1)
(5.172413793 3.586206897 1)
(5.172413793 3.862068966 1)
(5.172413793 4.137931034 1)
(5.172413793 4.413793103 1)
(5.172413793 4.689655172 1)
(5.172413793 4.965517241 1)
(5.172413793 5.24137931 1)
(5.172413793 5.517241379 1)
(5.172413793 5.793103448 1)
(5.172413793 6.068965517 1)
(5.172413793 6.344827586 1)
(5.172413793 6.620689655 1)
(5.172413793 6.896551724 1)
(5.172413793 7.172413793 1)
(5.172413793 7.448275862 1)
(5.172413793 7.724137931 1)
(5.517241379 0.275862069 1)
(5.517241379 0.5517241379 1)
(5.517241379 0.8275862069 1)
(5.517241379 1.103448276 1)
(5.517241379 1.379310345 1)
(5.517241379 1.655172414 1)
(5.517241379 1.931034483 1)
(5.517241379 2.206896552 1)
(5.517241379 2.482758621 1)
(5.517241379 2.75862069 1)
(5.517241379 3.034482759 1)
(5.517241379 3.310344828 1)
(5.517241379 3.586206897 1)
(5.517241379 3.862068966 1)
(5.517241379 4.137931034 1)
(5.517241379 4.413793103 1)
(5.517241379 4.689655172 1)
(5.517241379 4.965517241 1)
(5.517241379 5.24137931 1)
(5.517241379 5.517241379 1)
(5.517241379 5.793103448 1)
(5.517241379 6.068965517 1)
(5.517241379 6.344827586 1)
(5.517241379 6.620689655 1)
(5.517241379 6.896551724 1)
(5.517241379 7.172413793 1)
(5.517241379 7.448275862 1)
(5.517241379 7.724137931 1)
(5.862068966 0.275862069 1)
(5.862068966 0.5517241379 1)
(5.862068966 0.8275862069 1)
(5.862068966 1.103448276 1)
(5.862068966 1.379310345 1)
(5.862068966 1.655172414 1)
(5.862068966 1.931034483 1)
(5.862068966 2.206896552 1)
(5.862068966 2.482758621 1)
(5.862068966 2.75862069 1)
(5.862068966 3.034482759 1)
(5.862068966 3.310344828 1)
(5.862068966 3.586206897 1)
(5.862068966 3.862068966 1)
(5.862068966 4.137931034 1)
(5.862068966 4.413793103 1)
(5.862068966 4.689655172 1)
(5.862068966 4.965517241 1)
(5.862068966 5.24137931 1)
(5.862068966 5.517241379 1)
(5.862068966 5.793103448 1)
(5.862068966 6.068965517 1)
(5.862068966 6.344827586 1)
(5.862068966 6.620689655 1)
(5.862068966 6.896551724 1)
(5.862068966 7.172413793 1)
(5.862068966 7.448275862 1)
(5.862068966 7.724137931 1)
(6.206896552 0.275862069 1)
(6.206896552 0.5517241379 1)
(6.206896552 0.8275862069 1)
(6.206896552 1.103448276 1)
(6.206896552 1.379310345 1)
(6.206896552 1.655172414 1)
(6.206896552 1.931034483 1)
(6.206896552 2.206896552 1)
(6.206896552 2.482758621 1)
(6.206896552 2.75862069 1)
(6.206896552 3.034482759 1)
(6.206896552 3.310344828 1)
(6.206896552 3.586206897 1)
(6.206896552 3.862068966 1)
(6.206896552 4.137931034 1)
(6.206896552 4.413793103 1)
(6.206896552 4.689655172 1)
(6.206896552 4.965517241 1)
(6.206896552 5.24137931 1)
(6.206896552 5.517241379 1)
(6.206896552 5.793103448 1)
(6.206896552 6.068965517 1)
(6.206896552 6.344827586 1)
(6.206896552 6.620689655 1)
(6.206896552 6.896551724 1)
(6.206896552 7.172413793 1)
(6.206896552 7.448275862 1)
(6.206896552 7.724137931 1)
(6.551724138 0.275862069 1)
(6.551724138 0.5517241379 1)
(6.551724138 0.8275862069 1)
(6.551724138 1.103448276 1)
(6.551724138 1.379310345 1)
(6.551724138 1.655172414 1)
(6.551724138 1.931034483 1)
(6.551724138 2.206896552 1)
(6.551724138 2.482758621 1)
(6.551724138 2.75862069 1)
(6.551724138 3.034482759 1)
(6.551724138 3.310344828 1)
(6.551724138 3.586206897 1)
(6.551724138 3.862068966 1)
(6.551724138 4.137931034 1)
(6.551724138 4.413793103 1)
(6.551724138 4.689655172 1)
(6.551724138 4.965517241 1)
(6.551724138 5.24137931 1)
(6.551724138 5.517241379 1)
(6.551724138 5.793103448 1)
(6.551724138 6.068965517 1)
(6.551724138 6.344827586 1)
(6.551724138 6.620689655 1)
(6.551724138 6.896551724 1)
(6.551724138 7.172413793 1)
(6.551724138 7.448275862 1)
(6.551724138 7.724137931 1)
(6.896551724 0.275862069 1)
(6.896551724 0.5517241379 1)
(6.896551724 0.8275862069 1)
(6.896551724 1.103448276 1)
(6.896551724 1.379310345 1)
(6.896551724 1.655172414 1)
(6.896551724 1.931034483 1)
(6.896551724 2.206896552 1)
(6.896551724 2.482758621 1)
(6.896551724 2.75862069 1)
(6.896551724 3.034482759 1)
(6.896551724 3.310344828 1)
(6.896551724 3.586206897 1)
(6.896551724 3.862068966 1)
(6.896551724 4.137931034 1)
(6.896551724 4.413793103 1)
(6.896551724 4.689655172 1)
(6.896551724 4.965517241 1)
(6.896551724 5.24137931 1)
(6.896551724 5.517241379 1)
(6.896551724 5.793103448 1)
(6.896551724 6.068965517 1)
(6.896551724 6.344827586 1)
(6.896551724 6.620689655 1)
(6.896551724 6.896551724 1)
(6.896551724 7.172413793 1)
(6.896551724 7.448275862 1)
(6.896551724 7.724137931 1)
(7.24137931 0.275862069 1)
(7.24137931 0.5517241379 1)
(7.24137931 0.8275862069 1)
(7.24137931 1.103448276 1)
(7.24137931 1.379310345 1)
(7.24137931 1.655172414 1)
(7.24137931 1.931034483 1)
(7.24137931 2.206896552 1)
(7.24137931 2.482758621 1)
(7.24137931 2.75862069 1)
(7.24137931 3.034482759 1)
(7.24137931 3.310344828 1)
(7.24137931 3.586206897 1)
(7.24137931 3.862068966 1)
(7.24137931 4.137931034 1)
(7.24137931 4.413793103 1)
(7.24137931 4.689655172 1)
(7.24137931 4.965517241 1)
(7.24137931 5.24137931 1)
(7.24137931 5.517241379 1)
(7.24137931 5.793103448 1)
(7.24137931 6.068965517 1)
(7.24137931 6.344827586 1)
(7.24137931 6.620689655 1)
(7.24137931 6.896551724 1)
(7.24137931 7.172413793 1)
(7.24137931 7.448275862 1)
(7.24137931 7.724137931 1)
(7.586206897 0.275862069 1)
(7.586206897 0.5517241379 1)
(7.586206897 0.8275862069 1)
(7.586206897 1.103448276 1)
(7.586206897 1.379310345 1)
(7.586206897 1.655172414 1)
(7.586206897 1.931034483 1)
(7.586206897 2.206896552 1)
(7.586206897 2.482758621 1)
(7.586206897 2.75862069 1)
(7.586206897 3.034482759 1)
(7.586206897 3.310344828 1)
(7.586206897 3.586206897 1)
(7.586206897 3.862068966 1)
(7.586206897 4.137931034 1)
(7.586206897 4.413793103 1)
(7.586206897 4.689655172 1)
(7.586206897 4.965517241 1)
(7.586206897 5.24137931 1)
(7.586206897 5.517241379 1)
(7.586206897 5.793103448 1)
(7.586206897 6.068965517 1)
(7.586206897 6.344827586 1)
(7.586206897 6.620689655 1)
(7.586206897 6.896551724 1)
(7.586206897 7.172413793 1)
(7.586206897 7.448275862 1)
(7.586206897 7.724137931 1)
(7.931034483 0.275862069 1)
(7.931034483 0.5517241379 1)
(7.931034483 0.8275862069 1)
(7.931034483 1.103448276 1)
(7.931034483 1.379310345 1)
(7.931034483 1.655172414 1)
(7.931034483 1.931034483 1)
(7.931034483 2.206896552 1)
(7.931034483 2.482758621 1)
(7.931034483 2.75862069 1)
(7.931034483 3.034482759 1)
(7.931034483 3.310344828 1)
(7.931034483 3.586206897 1)
(7.931034483 3.862068966 1)
(7.931034483 4.137931034 1)
(7.931034483 4.413793103 1)
(7.931034483 4.689655172 1)
(7.931034483 4.965517241 1)
(7.931034483 5.24137931 1)
(7.931034483 5.517241379 1)
(7.931034483 5.793103448 1)
(7.931034483 6.068965517 1)
(7.931034483 6.344827586 1)
(7.931034483 6.620689655 1)
(7.931034483 6.896551724 1)
(7.931034483 7.172413793 1)
(7.931034483 7.448275862 1)
(7.931034483 7.724137931 1)
(8.275862069 0.275862069 1)
(8.275862069 0.5517241379 1)
(8.275862069 0.8275862069 1)
(8.275862069 1.103448276 1)
(8.275862069 1.379310345 1)
(8.275862069 1.655172414 1)
(8.275862069 1.931034483 1)
(8.275862069 2.206896552 1)
(8.275862069 2.482758621 1)
(8.275862069 2.75862069 1)
(8.275862069 3.034482759 1)
(8.275862069 3.310344828 1)
(8.275862069 3.586206897 1)
(8.275862069 3.862068966 1)
(8.275862069 4.137931034 1)
(8.275862069 4.413793103 1)
(8.275862069 4.689655172 1)
(8.275862069 4.965517241 1)
(8.275862069 5.24137931 1)
(8.275862069 5.517241379 1)
(8.275862069 5.793103448 1)
(8.275862069 6.068965517 1)
(8.275862069 6.344827586 1)
(8.275862069 6.620689655 1)
(8.275862069 6.896551724 1)
(8.275862069 7.172413793 1)
(8.275862069 7.448275862 1)
(8.275862069 7.724137931 1)
(8.620689655 0.275862069 1)
(8.620689655 0.5517241379 1)
(8.620689655 0.8275862069 1)
(8.620689655 1.103448276 1)
(8.620689655 1.379310345 1)
(8.620689655 1.655172414 1)
(8.620689655 1.931034483 1)
(8.620689655 2.206896552 1)
(8.620689655 2.482758621 1)
(8.620689655 2.75862069 1)
(8.620689655 3.034482759 1)
(8.620689655 3.310344828 1)
(8.620689655 3.586206897 1)
(8.620689655 3.862068966 1)
(8.620689655 4.137931034 1)
(8.620689655 4.413793103 1)
(8.620689655 4.689655172 1)
(8.620689655 4.965517241 1)
(8.620689655 5.24137931 1)
(8.620689655 5.517241379 1)
(8.620689655 5.793103448 1)
(8.620689655 6.068965517 1)
(8.620689655 6.344827586 1)
(8.620689655 6.620689655 1)
(8.620689655 6.896551724 1)
(8.620689655 7.172413793 1)
(8.620689655 7.448275862 1)
(8.620689655 7.724137931 1)
(8.965517241 0.275862069 1)
(8.965517241 0.5517241379 1)
(8.965517241 0.8275862069 1)
(8.965517241 1.103448276 1)
(8.965517241 1.379310345 1)
(8.965517241 1.655172414 1)
(8.965517241 1.931034483 1)
(8.965517241 2.206896552 1)
(8.965517241 2.482758621 1)
(8.965517241 2.75862069 1)
(8.965517241 3.034482759 1)
(8.965517241 3.310344828 1)
(8.965517241 3.586206897 1)
(8.965517241 3.862068966 1)
(8.965517241 4.137931034 1)
(8.965517241 4.413793103 1)
(8.965517241 4.689655172 1)
(8.965517241 4.965517241 1)
(8.965517241 5.24137931 1)
(8.965517241 5.517241379 1)
(8.965517241 5.793103448 1)
(8.965517241 6.068965517 1)
(8.965517241 6.344827586 1)
(8.965517241 6.620689655 1)
(8.965517241 6.896551724 1)
(8.965517241 7.172413793 1)
(8.965517241 7.448275862 1)
(8.965517241 7.724137931 1)
(9.310344828 0.275862069 1)
(9.310344828 0.5517241379 1)
(9.310344828 0.8275862069 1)
(9.310344828 1.103448276 1)
(9.310344828 1.379310345 1)
(9.310344828 1.655172414 1)
(9.310344828 1.931034483 1)
(9.310344828 2.206896552 1)
(9.310344828 2.482758621 1)
(9.310344828 2.75862069 1)
(9.310344828 3.034482759 1)
(9.310344828 3.310344828 1)
(9.310344828 3.586206897 1)
(9.310344828 3.862068966 1)
(9.310344828 4.137931034 1)
(9.310344828 4.413793103 1)
(9.310344828 4.689655172 1)
(9.310344828 4.965517241 1)
(9.310344828 5.24137931 1)
(9.310344828 5.517241379 1)
(9.310344828 5.793103448 1)
(9.310344828 6.068965517 1)
(9.310344828 6.344827586 1)
(9.310344828 6.620689655 1)
(9.310344828 6.896551724 1)
(9.310344828 7.172413793 1)
(9.310344828 7.448275862 1)
(9.310344828 7.724137931 1)
(9.655172414 0.275862069 1)
(9.655172414 0.5517241379 1)
(9.655172414 0.8275862069 1)
(9.655172414 1.103448276 1)
(9.655172414 1.379310345 1)
(9.655172414 1.655172414 1)
(9.655172414 1.931034483 1)
(9.655172414 2.206896552 1)
(9.655172414 2.482758621 1)
(9.655172414 2.75862069 1)
(9.655172414 3.034482759 1)
(9.655172414 3.310344828 1)
(9.655172414 3.586206897 1)
(9.655172414 3.862068966 1)
(9.655172414 4.137931034 1)
(9.655172414 4.413793103 1)
(9.655172414 4.689655172 1)
(9.655172414 4.965517241 1)
(9.655172414 5.24137931 1)
(9.655172414 5.517241379 1)
(9.655172414 5.793103448 1)
(9.655172414 6.068965517 1)
(9.655172414 6.344827586 1)
(9.655172414 6.620689655 1)
(9.655172414 6.896551724 1)
(9.655172414 7.172413793 1)
(9.655172414 7.448275862 1)
(9.655172414 7.724137931 1)
)


// ************************************************************************* //
